1000000001.000001
9000000000.000002
-19999999999
8000000001.000001
-24999999998.999996
23000000000.999996
4000000000.999998
-23999999999.999996
17999999999.999996
9000000000.000002
12000000000.999998
9000000001.000002
-19000000000
18000000000.999996
1000000000.000001
-19999999999
-12999999999
22999999999.999996
5999999999.999999
-24999999999.999996
-11999999998.999998
16000000000.999996
-19999999999
-20000000000
16999999999.999996
-12999999999
-13999999999
2000000001.000002
-999999999.000001
3000000001.000002
-22999999999
17999999999.999996
21000000001
-1999999999.999999
15000000000
-11999999999.999998
0
-3000000000
-7000000000
-14999999998.999998
-7999999998.999998
7000000000
-13000000000
20000000001
-5999999998.999999
6000000000.999999
15000000001
13000000001
10000000000.999996
15000000000
22000000000.999996
14000000000
15000000000
20000000000
-21999999999.999996
-10999999999.999998
-23999999999.999996
15000000001
19000000001
-16999999999.999996
9999999999.999996
-15999999998.999998
17000000000.999996
-20000000000
-10999999999.999998
5999999999.999999
-21999999998.999996
4000000000.999998
1
-16999999998.999996
17000000000.999996
22000000000.999996
23999999999.999996
-18999999999
-14000000000
2000000000.000002
-7999999999.999998
16000000000.999996
3999999999.999998
15000000001
-11999999998.999998
-1000000000.000001
-23999999999.999996
2000000001.000002
-9999999999
8000000000.000001
-11999999998.999998
16999999999.999996
-999999999.000001
-23999999998.999996
17000000000.999996
-15999999999.999998
-4999999998.999998
3000000001.000002
2000000000.000002
9000000001.000002
1
11000000000.999998
23000000000.999996
-4999999999.999998
12000000000.999998
21999999999.999996
-20999999999.999996
-21999999998.999996
-4000000000
-11999999999.999998
-19000000000
-11999999998.999998
-14999999999.999998
-3999999999
14000000001
15000000000
